size,time,configurationID,memory_r,posterize_r,gaussian-blur,thread,quality
,0.012,0,4,2,2,0,0
,0.025,1,0,0,1,2,0
,0.023,10,1,0,1,1,0
,0.012,11,2,1,2,1,1
,0.023,12,1,0,2,0,2
,0.034,13,1,2,0,1,1
,0.027,14,3,1,2,2,2
,0.019,15,0,3,2,3,2
,0.023,16,4,2,1,1,2
,0.022,17,1,0,1,3,0
,0.014,18,2,3,2,1,1
,0.03,19,1,2,1,3,1
,0.03,2,1,2,2,2,2
,0.02,20,2,0,2,3,2
,0.025,21,1,2,2,3,2
,0.025,22,3,2,0,1,0
,0.028,23,3,1,0,3,1
,0.028,24,0,1,0,0,2
,0.027,25,3,1,2,3,1
,0.021,26,4,0,1,3,1
,0.021,27,2,1,2,2,0
,0.023,28,1,1,1,1,2
,0.021,29,2,1,0,0,1
,0.023,3,3,3,1,0,1
,0.027,30,1,1,0,2,1
,0.027,31,4,3,1,3,1
,0.025,32,4,3,0,1,0
,0.025,33,4,3,1,2,2
,0.023,34,4,0,2,2,2
,0.023,35,1,2,1,0,0
,0.037,36,1,3,1,0,0
,0.024,37,0,2,2,0,2
,0.023,38,4,1,1,1,0
,0.029,39,0,3,0,0,2
,0.032,4,2,2,0,1,0
,0.025,40,0,3,2,0,1
,0.027,41,1,3,1,0,2
,0.017,42,3,1,1,2,1
,0.023,43,1,2,0,2,1
,0.02,44,2,2,1,2,0
,0.033,45,1,3,2,1,2
,0.02,46,0,0,2,2,2
,0.029,47,2,1,0,2,2
,0.025,48,3,3,1,2,1
,0.028,49,4,2,2,3,1
,0.022,5,0,2,0,3,1
,0.023,50,0,1,2,0,0
,0.026,51,3,2,1,1,1
,0.028,52,0,1,0,0,1
,0.023,53,3,1,2,2,1
,0.026,54,0,0,2,2,1
,0.03,55,3,0,2,0,2
,0.02,56,1,2,1,2,0
,0.019,57,0,0,2,3,2
,0.033,58,1,1,0,2,2
,0.037,59,3,3,2,0,0
,0.03,6,3,2,1,3,0
,0.024,60,3,1,2,2,0
,0.038,61,3,0,1,1,1
,0.03,62,2,3,2,2,1
,0.024,63,0,2,2,0,0
,0.013,64,4,1,0,0,2
,0.017,65,3,2,2,0,1
,0.014,66,3,1,0,0,1
,0.014,67,2,2,2,2,0
,0.024,68,4,2,2,3,2
,0.025,69,2,2,1,2,2
,0.024,7,2,2,2,0,1
,0.027,70,1,1,1,1,1
,0.014,71,0,1,1,2,1
,0.029,72,4,0,0,2,1
,0.028,73,2,0,1,3,2
,0.027,74,1,3,0,0,1
,0.029,75,2,0,0,1,0
,0.034,76,3,3,0,0,1
,0.025,77,0,2,0,1,1
,0.02,78,2,3,1,2,1
,0.023,79,3,1,0,0,0
,0.029,8,4,0,1,1,0
,0.022,80,0,1,0,0,0
,0.024,81,0,0,1,0,2
,0.02,82,1,0,0,2,0
,0.027,83,2,3,2,0,1
,0.018,84,3,2,2,2,1
,0.028,85,0,0,2,0,1
,0.023,86,3,0,1,2,0
,0.019,87,2,2,2,1,0
,0.034,88,3,2,1,2,2
,0.031,89,4,3,1,0,2
,0.021,9,0,2,2,2,2
,0.029,90,4,2,1,2,2
,0.01,91,2,0,0,1,1
,0.032,92,4,1,1,0,0
,0.035,93,4,1,0,1,2
,0.021,94,1,3,0,3,2
,0.032,95,3,0,1,1,2
,0.025,96,3,0,0,3,2
,0.032,97,0,3,2,1,2
,0.021,98,0,3,2,1,1
,0.023,99,2,2,1,3,1
